1,삼성 전기포트,1,12000,2,3,2,2023-08-23,417,2990
2,화웨이 식기용품,1,34000,3,2,3,2023-08-23,5114,4449
3,다이슨 에어컨,1,16000,3,2,2,2023-08-26,4668,818
4,LG 책상,1,25000,2,1,2,2023-08-22,1126,4153
5,샤오미 청소기,1,31000,1,1,3,2023-08-22,6840,1797
6,소니 에어컨,1,16000,1,3,1,2023-08-27,996,1547
7,삼성 공기청정기,1,29000,1,3,3,2023-08-26,6385,787
8,LG 고데기,1,6000,1,1,3,2023-08-27,942,6739
9,화웨이 에어컨,1,15000,3,2,2,2023-08-26,555,6953
10,화웨이 다리미,1,39000,2,4,1,2023-08-24,3471,4881
11,화웨이 의자,1,15000,2,2,3,2023-08-27,6251,6087
12,소니 밥솥,1,35000,1,1,2,2023-08-24,4658,6237
13,LG 책상,1,17000,1,3,1,2023-08-21,5943,3949
14,LG 다리미,1,11000,1,2,1,2023-08-25,5170,5791
15,다이슨 에어컨,1,0,2,2,3,2023-08-25,2846,252
16,화웨이 식기용품,1,4000,2,4,1,2023-08-26,342,3839
17,다이슨 밥솥,1,1000,1,4,1,2023-08-27,1160,2396
18,삼성 책상,1,24000,3,1,1,2023-08-22,6381,4682
19,다이슨 공기청정기,1,5000,3,1,1,2023-08-23,6034,2939
20,다이슨 의자,1,38000,2,4,2,2023-08-26,3588,1187
21,LG 책상,1,9000,2,2,1,2023-08-27,1732,5404
22,삼성 공기청정기,1,21000,3,4,1,2023-08-22,654,5718
23,다이슨 에어컨,1,37000,3,4,3,2023-08-26,434,4394
24,화웨이 의자,1,23000,1,4,3,2023-08-23,6898,3997
25,삼성 고데기,1,21000,3,3,1,2023-08-25,1169,1587
26,소니 고데기,1,8000,1,2,2,2023-08-24,562,3149
27,소니 책상,1,24000,1,3,3,2023-08-26,3580,6597
28,LG 공기청정기,1,34000,3,2,1,2023-08-26,917,902
29,소니 청소기,1,40000,1,2,1,2023-08-24,6940,4231
30,삼성 공기청정기,1,35000,2,2,1,2023-08-23,6035,4494
31,다이슨 밥솥,1,17000,3,4,2,2023-08-21,6998,1731
32,화웨이 식기용품,1,3000,2,2,2,2023-08-21,468,5149
33,LG 식기용품,1,22000,3,2,3,2023-08-27,5574,6927
34,LG 공기청정기,1,31000,2,1,1,2023-08-23,2039,3319
35,다이슨 전기포트,1,20000,1,1,3,2023-08-22,1968,4822
36,다이슨 고데기,1,2000,2,1,1,2023-08-26,2673,5169
37,삼성 다리미,1,34000,3,4,3,2023-08-25,6412,2854
38,다이슨 전기포트,1,27000,3,2,1,2023-08-27,4257,6024
39,LG 청소기,1,5000,3,2,3,2023-08-21,4684,2340
40,샤오미 책상,1,22000,3,4,3,2023-08-24,1865,2919
41,LG 청소기,1,4000,2,3,3,2023-08-27,5338,3135
42,소니 에어컨,1,2000,3,2,1,2023-08-21,6152,1261
43,LG 고데기,1,34000,3,4,1,2023-08-24,2094,98
44,삼성 전기포트,1,17000,1,1,3,2023-08-22,6197,516
45,다이슨 밥솥,1,34000,3,3,3,2023-08-25,5,1404
46,화웨이 에어컨,1,36000,3,4,3,2023-08-26,1733,2687
47,화웨이 청소기,1,22000,3,3,1,2023-08-24,5353,1416
48,소니 청소기,1,35000,2,4,2,2023-08-24,5728,3111
49,샤오미 에어컨,1,2000,3,2,3,2023-08-21,339,6447
50,샤오미 청소기,1,24000,3,1,1,2023-08-21,6634,5751
51,다이슨 고데기,1,8000,2,1,2,2023-08-27,335,5207
52,샤오미 책상,1,8000,3,4,1,2023-08-24,2504,4054
53,소니 밥솥,1,13000,1,4,3,2023-08-23,6217,268
54,소니 고데기,1,12000,1,2,2,2023-08-21,1405,6519
55,LG 에어컨,1,32000,1,1,1,2023-08-23,2123,3886
56,LG 청소기,1,21000,2,4,1,2023-08-26,5522,1539
57,다이슨 전기포트,1,35000,1,1,3,2023-08-22,873,1053
58,소니 식기용품,1,26000,3,2,2,2023-08-26,5587,2054
59,다이슨 밥솥,1,34000,3,3,2,2023-08-24,5791,4364
60,샤오미 전기포트,1,31000,1,4,1,2023-08-24,1085,5802
61,다이슨 전기포트,1,37000,1,3,1,2023-08-26,3973,6420
62,샤오미 고데기,1,5000,2,1,2,2023-08-21,6409,1864
63,소니 식기용품,1,37000,2,1,2,2023-08-22,5045,5463
64,소니 책상,1,21000,2,1,3,2023-08-22,3904,4321
65,화웨이 책상,1,15000,1,2,3,2023-08-24,1964,3903
66,LG 고데기,1,13000,1,1,2,2023-08-27,2853,1663
67,삼성 의자,1,23000,3,1,1,2023-08-27,2276,2194
68,화웨이 에어컨,1,18000,3,3,2,2023-08-22,5046,1596
69,화웨이 의자,1,23000,3,4,3,2023-08-22,5447,6140
70,LG 에어컨,1,39000,3,2,1,2023-08-25,1123,6066
71,LG 고데기,1,15000,3,3,2,2023-08-25,1848,1461
72,삼성 밥솥,1,16000,3,4,1,2023-08-26,3719,2764
73,삼성 밥솥,1,16000,1,2,3,2023-08-23,4751,998
74,샤오미 전기포트,1,14000,3,1,1,2023-08-23,5099,1368
75,소니 다리미,1,39000,1,1,1,2023-08-25,4325,3758
76,화웨이 식기용품,1,31000,3,2,3,2023-08-23,3146,1163
77,화웨이 에어컨,1,27000,1,3,1,2023-08-23,1367,1151
78,다이슨 의자,1,23000,2,2,1,2023-08-23,4959,3623
79,다이슨 고데기,1,21000,1,4,1,2023-08-24,3145,741
80,삼성 공기청정기,1,2000,3,1,2,2023-08-24,5638,6581
81,다이슨 청소기,1,1000,3,2,2,2023-08-21,745,3093
82,LG 식기용품,1,20000,1,2,1,2023-08-23,5882,263
83,소니 밥솥,1,15000,3,2,1,2023-08-22,4221,5325
84,삼성 식기용품,1,18000,2,3,2,2023-08-25,3584,1422
85,다이슨 의자,1,37000,1,1,2,2023-08-26,903,2681
86,화웨이 고데기,1,5000,2,3,2,2023-08-27,4187,2462
87,LG 다리미,1,28000,1,4,1,2023-08-24,6400,5846
88,다이슨 청소기,1,23000,3,2,3,2023-08-22,5750,3387
89,화웨이 전기포트,1,10000,2,4,3,2023-08-22,4016,2825
90,화웨이 책상,1,40000,2,3,1,2023-08-25,1928,2136
91,샤오미 다리미,1,5000,2,2,1,2023-08-27,2792,4662
92,삼성 고데기,1,28000,3,2,3,2023-08-24,1393,5024
93,샤오미 의자,1,22000,2,1,3,2023-08-24,4100,5495
94,삼성 고데기,1,2000,1,4,1,2023-08-27,1072,1277
95,소니 식기용품,1,25000,1,2,2,2023-08-26,2693,1831
96,삼성 책상,1,13000,3,1,1,2023-08-24,5313,5070
97,LG 에어컨,1,18000,2,1,1,2023-08-24,3398,1770
98,화웨이 청소기,1,23000,2,2,1,2023-08-27,4280,6973
99,화웨이 공기청정기,1,21000,2,2,3,2023-08-23,3682,3660
100,삼성 에어컨,1,6000,3,3,3,2023-08-24,2249,926
101,화웨이 키보드,2,26000,3,3,3,2023-08-26,5396,1729
102,다이슨 마우스,2,14000,1,1,3,2023-08-25,12,6439
103,샤오미 모니터,2,8000,2,3,1,2023-08-21,4577,1298
104,다이슨 TV,2,30000,1,2,3,2023-08-25,1340,4433
105,다이슨 헤드셋,2,9000,2,4,3,2023-08-25,951,2235
106,삼성 모니터,2,39000,1,2,2,2023-08-27,4590,617
107,소니 이어폰,2,12000,3,4,1,2023-08-23,1784,4986
108,다이슨 태블릿PC,2,28000,3,1,1,2023-08-25,4157,2710
109,샤오미 태블릿PC,2,13000,2,4,1,2023-08-21,6794,5623
110,삼성 스마트워치,2,32000,1,4,2,2023-08-23,3655,3832
111,소니 노트북,2,36000,2,4,1,2023-08-24,1799,4976
112,샤오미 키보드,2,4000,2,2,2,2023-08-23,599,2066
113,샤오미 스피커,2,4000,2,2,2,2023-08-23,6853,3901
114,샤오미 태블릿PC,2,3000,2,1,1,2023-08-27,170,4686
115,소니 스마트워치,2,23000,3,4,1,2023-08-23,2467,2148
116,샤오미 스피커,2,11000,2,2,1,2023-08-26,4666,2745
117,소니 스마트워치,2,37000,3,2,3,2023-08-22,4626,1987
118,LG 모니터,2,1000,2,2,3,2023-08-26,2464,4361
119,삼성 TV,2,20000,1,4,1,2023-08-21,304,308
120,샤오미 모니터,2,10000,2,3,3,2023-08-26,2758,3670
121,화웨이 스마트워치,2,32000,3,3,2,2023-08-26,5613,3419
122,소니 키보드,2,19000,1,4,3,2023-08-27,2628,359
123,다이슨 스피커,2,2000,2,4,1,2023-08-26,616,68
124,샤오미 태블릿PC,2,23000,3,2,2,2023-08-24,1126,6876
125,다이슨 컴퓨터,2,3000,1,1,2,2023-08-24,807,2977
126,소니 스피커,2,31000,1,4,3,2023-08-24,4789,6863
127,소니 키보드,2,32000,1,1,3,2023-08-23,1018,3916
128,LG 노트북,2,1000,1,3,2,2023-08-22,2921,3634
129,다이슨 이어폰,2,21000,1,4,1,2023-08-21,6903,2482
130,다이슨 헤드셋,2,27000,3,2,1,2023-08-22,5649,3701
131,샤오미 마우스,2,0,1,4,1,2023-08-23,2652,132
132,샤오미 마우스,2,29000,3,4,3,2023-08-21,1993,2971
133,화웨이 핸드폰,2,17000,3,4,1,2023-08-26,2837,5816
134,LG 모니터,2,30000,3,2,2,2023-08-21,6926,2393
135,다이슨 태블릿PC,2,27000,3,1,2,2023-08-22,4910,1298
136,다이슨 이어폰,2,9000,3,3,2,2023-08-27,5044,2911
137,LG TV,2,40000,3,4,1,2023-08-21,6875,4018
138,삼성 스마트워치,2,15000,3,4,1,2023-08-23,5732,5940
139,다이슨 태블릿PC,2,36000,1,1,3,2023-08-23,91,6843
140,LG 태블릿PC,2,25000,1,2,2,2023-08-21,6351,865
141,LG 컴퓨터,2,23000,1,3,3,2023-08-25,1609,2512
142,다이슨 노트북,2,28000,2,3,1,2023-08-27,6566,3863
143,소니 노트북,2,19000,3,2,1,2023-08-25,5190,3911
144,화웨이 스마트워치,2,35000,1,2,2,2023-08-24,3338,2429
145,소니 핸드폰,2,5000,2,1,2,2023-08-22,6253,835
146,삼성 TV,2,36000,3,1,1,2023-08-27,6950,3913
147,샤오미 스피커,2,35000,1,3,1,2023-08-25,6071,2941
148,화웨이 헤드셋,2,21000,1,3,2,2023-08-24,2206,6764
149,다이슨 마우스,2,29000,2,1,1,2023-08-22,3077,1227
150,LG 스마트워치,2,37000,3,2,1,2023-08-23,495,2101
151,화웨이 태블릿PC,2,18000,3,4,3,2023-08-22,6529,4760
152,샤오미 스마트워치,2,13000,2,3,2,2023-08-27,5690,6055
153,샤오미 컴퓨터,2,36000,3,1,1,2023-08-21,2051,5873
154,LG 핸드폰,2,10000,2,4,3,2023-08-22,1446,6629
155,다이슨 핸드폰,2,30000,1,4,1,2023-08-23,1641,2905
156,다이슨 키보드,2,23000,2,2,1,2023-08-26,3725,806
157,LG 컴퓨터,2,16000,1,1,3,2023-08-25,2427,3268
158,LG 헤드셋,2,40000,3,3,2,2023-08-24,2954,2823
159,다이슨 키보드,2,23000,2,3,1,2023-08-21,3939,1907
160,LG 마우스,2,36000,1,2,3,2023-08-22,6789,1491
161,LG 키보드,2,11000,1,4,3,2023-08-25,2027,1497
162,소니 핸드폰,2,29000,1,4,3,2023-08-21,273,841
163,소니 컴퓨터,2,21000,2,4,1,2023-08-23,660,4590
164,화웨이 노트북,2,14000,3,3,2,2023-08-22,6982,6335
165,LG 태블릿PC,2,1000,1,1,2,2023-08-21,368,3050
166,다이슨 스마트워치,2,22000,3,3,2,2023-08-26,4852,2531
167,LG 모니터,2,39000,2,1,1,2023-08-22,1431,1386
168,화웨이 모니터,2,26000,2,1,3,2023-08-24,3854,5336
169,다이슨 키보드,2,10000,3,3,2,2023-08-23,4000,3705
170,화웨이 컴퓨터,2,38000,3,2,1,2023-08-23,3202,1929
171,소니 컴퓨터,2,9000,3,4,3,2023-08-24,1990,4044
172,다이슨 마우스,2,1000,2,2,1,2023-08-25,5372,1645
173,LG 헤드셋,2,13000,1,2,1,2023-08-25,24,5021
174,샤오미 컴퓨터,2,27000,3,3,1,2023-08-22,4401,4499
175,LG 핸드폰,2,26000,1,4,3,2023-08-25,5527,6542
176,삼성 마우스,2,12000,1,3,1,2023-08-22,3936,4424
177,삼성 마우스,2,38000,1,4,1,2023-08-26,4603,627
178,소니 키보드,2,27000,3,1,1,2023-08-21,1980,2907
179,화웨이 노트북,2,3000,1,3,3,2023-08-22,3696,1537
180,화웨이 TV,2,32000,2,2,1,2023-08-27,2149,5239
181,소니 TV,2,6000,1,3,3,2023-08-26,1573,6288
182,소니 모니터,2,9000,1,1,1,2023-08-26,4013,242
183,삼성 스마트워치,2,16000,3,2,3,2023-08-25,5632,2661
184,소니 모니터,2,11000,3,1,1,2023-08-26,4498,278
185,LG 키보드,2,2000,3,1,3,2023-08-23,5883,5737
186,다이슨 핸드폰,2,9000,1,4,1,2023-08-22,6786,1615
187,소니 핸드폰,2,1000,2,3,1,2023-08-26,4618,833
188,다이슨 컴퓨터,2,25000,1,2,3,2023-08-21,1392,6003
189,삼성 컴퓨터,2,25000,3,1,3,2023-08-24,3273,1837
190,LG 헤드셋,2,30000,1,3,3,2023-08-27,821,548
191,다이슨 마우스,2,18000,2,3,1,2023-08-23,6240,3645
192,소니 이어폰,2,12000,1,4,3,2023-08-26,358,3022
193,샤오미 노트북,2,13000,1,3,1,2023-08-25,6288,3146
194,삼성 컴퓨터,2,29000,2,2,3,2023-08-22,2557,2446
195,다이슨 이어폰,2,14000,3,4,1,2023-08-27,4634,4027
196,소니 스피커,2,6000,1,2,3,2023-08-25,383,6277
197,샤오미 마우스,2,26000,3,3,2,2023-08-25,3281,2171
198,삼성 TV,2,9000,1,3,3,2023-08-24,4794,6472
199,LG 핸드폰,2,11000,1,4,1,2023-08-21,5249,6278
200,화웨이 핸드폰,2,7000,2,3,2,2023-08-23,2157,3401
201,에르메스 여성 구두,3,1000,3,1,1,2023-08-24,3869,636
202,노스페이스 여성 아우터,3,36000,2,3,2,2023-08-22,6785,3432
203,유니클로 여성 머리끈,3,17000,3,4,1,2023-08-21,6631,1020
204,유니클로 여성 머리끈,3,4000,1,4,1,2023-08-26,5776,3187
205,배럴 여성 구두,3,38000,1,3,2,2023-08-26,6299,3583
206,구찌 여성 장갑,3,9000,1,3,3,2023-08-23,3629,2989
207,노스페이스 여성 목걸이,3,0,3,3,3,2023-08-22,6131,4781
208,내셔널지오그래픽 여성 머플러,3,2000,3,3,3,2023-08-25,100,305
209,자라 여성 장갑,3,29000,1,2,2,2023-08-26,6001,5120
210,배럴 여성 신발,3,11000,3,3,1,2023-08-24,4094,2528
211,배럴 여성 목걸이,3,14000,3,2,3,2023-08-21,6256,3842
212,유니클로 여성 귀걸이,3,25000,3,2,3,2023-08-21,5511,447
213,배럴 여성 장갑,3,26000,2,1,2,2023-08-24,2744,2689
214,배럴 여성 귀걸이,3,37000,1,4,2,2023-08-25,3054,4290
215,자라 여성 머플러,3,13000,2,2,2,2023-08-26,1962,6584
216,유니클로 여성 원피스,3,40000,2,3,1,2023-08-24,2784,3769
217,구찌 여성 머플러,3,12000,1,3,3,2023-08-23,6770,4439
218,노스페이스 여성 귀걸이,3,21000,2,1,2,2023-08-22,3334,675
219,에르메스 여성 신발,3,25000,2,1,3,2023-08-26,2063,5825
220,에르메스 여성 팔찌,3,13000,3,1,3,2023-08-21,6261,274
221,노스페이스 여성 머플러,3,35000,3,4,2,2023-08-22,1403,2268
222,노스페이스 여성 원피스,3,18000,3,1,1,2023-08-25,1305,1416
223,노스페이스 여성 장갑,3,21000,3,3,3,2023-08-23,4335,6591
224,구찌 여성 하의,3,1000,3,2,2,2023-08-23,1325,3853
225,노스페이스 여성 팔찌,3,12000,2,4,1,2023-08-22,5740,5124
226,자라 여성 신발,3,7000,3,3,3,2023-08-25,5350,4103
227,노스페이스 여성 구두,3,24000,3,3,1,2023-08-27,4787,153
228,내셔널지오그래픽 여성 아우터,3,23000,1,2,3,2023-08-27,4949,6041
229,내셔널지오그래픽 여성 상의,3,2000,1,2,1,2023-08-22,3436,5908
230,배럴 여성 운동화,3,8000,3,3,3,2023-08-27,1915,5246
231,노스페이스 여성 상의,3,21000,2,4,1,2023-08-27,3183,4503
232,구찌 여성 머리끈,3,20000,1,1,2,2023-08-27,5014,4297
233,에르메스 여성 머플러,3,14000,3,1,1,2023-08-26,4723,5990
234,에르메스 여성 하의,3,0,1,2,2,2023-08-23,4661,6051
235,배럴 여성 아우터,3,11000,3,4,3,2023-08-23,2213,26
236,내셔널지오그래픽 여성 머플러,3,20000,1,2,2,2023-08-23,39,4565
237,자라 여성 팔찌,3,4000,1,1,2,2023-08-24,4547,272
238,에르메스 여성 운동화,3,5000,3,1,3,2023-08-23,1398,1088
239,배럴 여성 구두,3,1000,3,2,3,2023-08-21,5399,6564
240,구찌 여성 상의,3,34000,3,1,1,2023-08-25,6317,1640
241,배럴 여성 아우터,3,18000,3,3,3,2023-08-24,125,828
242,노스페이스 여성 상의,3,35000,2,4,2,2023-08-24,2575,6904
243,자라 여성 머리끈,3,12000,3,1,2,2023-08-23,3383,6014
244,유니클로 여성 구두,3,24000,2,2,1,2023-08-21,2545,6518
245,노스페이스 여성 장갑,3,3000,2,1,2,2023-08-21,5245,1346
246,에르메스 여성 머플러,3,2000,3,1,1,2023-08-27,6917,1358
247,노스페이스 여성 운동화,3,13000,3,4,2,2023-08-25,2279,1040
248,내셔널지오그래픽 여성 장갑,3,10000,1,3,2,2023-08-26,818,6392
249,유니클로 여성 장갑,3,35000,1,4,2,2023-08-27,6450,4561
250,내셔널지오그래픽 여성 귀걸이,3,24000,1,2,2,2023-08-25,4880,2007
251,노스페이스 여성 장갑,3,34000,3,4,2,2023-08-25,1248,6979
252,배럴 여성 구두,3,39000,3,2,3,2023-08-26,2152,4407
253,자라 여성 머플러,3,3000,3,3,2,2023-08-24,4061,5141
254,구찌 여성 아우터,3,29000,2,1,3,2023-08-21,6869,6942
255,자라 여성 신발,3,28000,2,1,1,2023-08-24,497,730
256,노스페이스 여성 운동화,3,19000,3,2,2,2023-08-24,6114,2011
257,구찌 여성 장갑,3,18000,3,2,3,2023-08-27,4565,5169
258,구찌 여성 원피스,3,18000,3,3,2,2023-08-24,4341,6455
259,노스페이스 여성 머플러,3,15000,3,2,3,2023-08-21,4861,1102
260,에르메스 여성 신발,3,14000,1,1,1,2023-08-27,5479,4759
261,내셔널지오그래픽 여성 원피스,3,0,2,1,3,2023-08-21,5093,3293
262,내셔널지오그래픽 여성 하의,3,14000,2,3,2,2023-08-27,3213,466
263,배럴 여성 장갑,3,32000,2,3,3,2023-08-21,888,2928
264,유니클로 여성 팔찌,3,27000,2,3,3,2023-08-25,6977,74
265,배럴 여성 구두,3,11000,3,2,2,2023-08-26,5154,3490
266,에르메스 여성 목걸이,3,38000,2,1,3,2023-08-22,830,3509
267,유니클로 여성 구두,3,32000,3,2,3,2023-08-23,1855,6265
268,노스페이스 여성 귀걸이,3,0,3,1,1,2023-08-27,3679,4699
269,내셔널지오그래픽 여성 팔찌,3,34000,1,4,2,2023-08-21,5420,6250
270,자라 여성 귀걸이,3,11000,2,2,3,2023-08-26,4519,5710
271,유니클로 여성 장갑,3,40000,1,2,3,2023-08-21,2802,4900
272,자라 여성 장갑,3,7000,3,4,1,2023-08-21,1472,6721
273,유니클로 여성 장갑,3,15000,1,2,3,2023-08-22,6928,2996
274,에르메스 여성 상의,3,32000,3,4,2,2023-08-27,357,6860
275,내셔널지오그래픽 여성 신발,3,25000,2,1,2,2023-08-26,377,4429
276,자라 여성 상의,3,38000,3,2,2,2023-08-27,3085,470
277,유니클로 여성 운동화,3,29000,1,3,2,2023-08-21,5479,2332
278,유니클로 여성 아우터,3,23000,2,1,3,2023-08-22,4197,6432
279,구찌 여성 목걸이,3,35000,1,1,2,2023-08-23,6016,2394
280,자라 여성 운동화,3,8000,3,4,1,2023-08-23,815,2911
281,내셔널지오그래픽 여성 목걸이,3,18000,2,2,1,2023-08-21,4862,1
282,노스페이스 여성 장갑,3,12000,3,4,1,2023-08-23,832,5189
283,내셔널지오그래픽 여성 신발,3,18000,3,3,3,2023-08-23,4232,4879
284,자라 여성 원피스,3,25000,2,2,2,2023-08-22,927,4467
285,유니클로 여성 머리끈,3,27000,3,1,1,2023-08-21,5634,2247
286,구찌 여성 운동화,3,17000,1,4,1,2023-08-23,1916,3512
287,에르메스 여성 귀걸이,3,34000,3,2,1,2023-08-26,4747,2424
288,에르메스 여성 머플러,3,21000,3,1,1,2023-08-22,4412,5853
289,자라 여성 귀걸이,3,35000,2,4,1,2023-08-25,367,5853
290,구찌 여성 머리끈,3,24000,3,1,3,2023-08-27,6571,3021
291,자라 여성 구두,3,30000,3,2,1,2023-08-21,4282,6911
292,내셔널지오그래픽 여성 운동화,3,19000,1,3,3,2023-08-26,1678,2494
293,내셔널지오그래픽 여성 원피스,3,33000,1,1,1,2023-08-21,3574,120
294,유니클로 여성 상의,3,11000,1,3,3,2023-08-25,755,2832
295,배럴 여성 귀걸이,3,1000,1,1,1,2023-08-22,878,3308
296,구찌 여성 하의,3,34000,3,1,2,2023-08-27,2089,12
297,내셔널지오그래픽 여성 목걸이,3,5000,2,1,2,2023-08-23,2120,3438
298,유니클로 여성 상의,3,27000,1,4,1,2023-08-24,6782,5403
299,유니클로 여성 하의,3,33000,2,1,1,2023-08-27,1585,2883
300,에르메스 여성 머플러,3,28000,1,1,3,2023-08-27,1716,1161
301,구찌 남성 구두,4,33000,3,4,1,2023-08-25,1562,4689
302,노스페이스 남성 아우터,4,10000,1,2,1,2023-08-23,2595,604
303,배럴 남성 하의,4,26000,1,3,3,2023-08-26,6559,1578
304,구찌 남성 정장,4,29000,3,1,2,2023-08-21,6398,3740
305,배럴 남성 스포츠용품,4,24000,2,3,2,2023-08-21,5362,542
306,유니클로 남성 넥타이,4,8000,3,4,2,2023-08-21,3249,6556
307,구찌 남성 아우터,4,37000,1,4,1,2023-08-21,5955,4233
308,내셔널지오그래픽 남성 정장,4,28000,2,2,3,2023-08-24,6867,5992
309,배럴 남성 구두,4,3000,3,3,2,2023-08-27,3233,5814
310,배럴 남성 양말,4,24000,2,1,1,2023-08-27,315,227
311,자라 남성 하의,4,11000,3,4,1,2023-08-21,132,3974
312,유니클로 남성 상의,4,21000,1,2,2,2023-08-21,4189,690
313,내셔널지오그래픽 남성 정장,4,14000,3,3,1,2023-08-27,5159,5480
314,에르메스 남성 구두,4,25000,3,2,1,2023-08-23,951,3287
315,에르메스 남성 하의,4,10000,3,1,3,2023-08-25,3034,450
316,구찌 남성 양말,4,34000,2,1,1,2023-08-21,2800,1907
317,유니클로 남성 스포츠용품,4,10000,1,1,2,2023-08-25,6754,6817
318,자라 남성 운동화,4,29000,3,2,3,2023-08-25,3583,4231
319,에르메스 남성 아우터,4,11000,1,2,2,2023-08-21,5981,2171
320,구찌 남성 정장,4,25000,1,4,3,2023-08-27,368,3732
321,에르메스 남성 스포츠용품,4,18000,3,1,1,2023-08-26,1093,417
322,자라 남성 아우터,4,37000,3,1,2,2023-08-25,6619,6663
323,에르메스 남성 상의,4,6000,3,4,1,2023-08-24,5988,847
324,구찌 남성 스포츠용품,4,35000,3,3,1,2023-08-25,4423,5670
325,유니클로 남성 운동화,4,34000,1,2,2,2023-08-27,5750,2436
326,구찌 남성 아우터,4,0,2,3,3,2023-08-22,6475,737
327,자라 남성 스포츠용품,4,13000,3,1,3,2023-08-24,3696,3837
328,자라 남성 양말,4,9000,1,1,3,2023-08-23,1400,6799
329,내셔널지오그래픽 남성 하의,4,24000,3,2,2,2023-08-22,5338,3860
330,구찌 남성 구두,4,23000,3,3,2,2023-08-23,3689,2829
331,유니클로 남성 양말,4,15000,3,1,2,2023-08-24,916,471
332,구찌 남성 넥타이,4,4000,3,3,3,2023-08-25,2607,748
333,에르메스 남성 양말,4,23000,2,3,1,2023-08-22,3831,5132
334,유니클로 남성 장갑,4,5000,1,1,2,2023-08-25,69,3727
335,자라 남성 하의,4,34000,2,3,3,2023-08-21,2250,1396
336,내셔널지오그래픽 남성 구두,4,8000,2,1,3,2023-08-24,5915,5102
337,자라 남성 스포츠용품,4,38000,1,4,2,2023-08-24,5310,6783
338,에르메스 남성 아우터,4,7000,3,2,3,2023-08-26,3026,4667
339,배럴 남성 넥타이,4,17000,2,2,3,2023-08-23,4812,1273
340,내셔널지오그래픽 남성 스포츠용품,4,16000,3,2,3,2023-08-27,4635,2397
341,배럴 남성 스포츠용품,4,23000,1,4,1,2023-08-23,762,926
342,자라 남성 상의,4,36000,2,4,3,2023-08-22,2988,5239
343,구찌 남성 운동화,4,3000,3,2,3,2023-08-22,5133,5295
344,구찌 남성 운동화,4,13000,2,4,2,2023-08-22,1125,275
345,노스페이스 남성 시계,4,33000,2,4,3,2023-08-23,6217,5143
346,에르메스 남성 양말,4,21000,2,4,3,2023-08-24,2588,5093
347,구찌 남성 하의,4,26000,2,2,1,2023-08-26,3812,1791
348,배럴 남성 양말,4,6000,1,3,3,2023-08-25,774,6470
349,에르메스 남성 하의,4,21000,2,3,2,2023-08-23,6381,5730
350,내셔널지오그래픽 남성 상의,4,16000,3,1,3,2023-08-26,6644,2618
351,내셔널지오그래픽 남성 구두,4,27000,2,4,3,2023-08-21,3540,5554
352,에르메스 남성 장갑,4,38000,2,4,3,2023-08-22,4027,4869
353,에르메스 남성 양말,4,29000,1,3,1,2023-08-26,5999,1543
354,배럴 남성 아우터,4,33000,3,3,3,2023-08-21,2901,2280
355,자라 남성 장갑,4,4000,3,1,3,2023-08-22,1106,4461
356,배럴 남성 양말,4,35000,3,4,2,2023-08-23,6445,3085
357,내셔널지오그래픽 남성 시계,4,28000,2,1,3,2023-08-23,544,2315
358,구찌 남성 운동화,4,27000,3,1,3,2023-08-26,6232,4708
359,배럴 남성 상의,4,14000,1,4,1,2023-08-23,1299,3408
360,에르메스 남성 운동화,4,4000,1,1,3,2023-08-26,1347,4193
361,구찌 남성 넥타이,4,38000,2,1,3,2023-08-22,676,1985
362,유니클로 남성 장갑,4,23000,3,3,1,2023-08-24,1289,4876
363,에르메스 남성 운동화,4,9000,1,4,3,2023-08-23,2649,6351
364,에르메스 남성 스포츠용품,4,2000,3,4,1,2023-08-24,2408,6252
365,에르메스 남성 상의,4,35000,3,1,1,2023-08-21,5925,5300
366,자라 남성 스포츠용품,4,24000,3,3,1,2023-08-24,5118,4768
367,내셔널지오그래픽 남성 운동화,4,5000,1,1,1,2023-08-26,5753,433
368,유니클로 남성 하의,4,30000,1,4,3,2023-08-27,701,2227
369,자라 남성 시계,4,28000,3,4,2,2023-08-22,3274,6658
370,노스페이스 남성 아우터,4,30000,2,4,3,2023-08-25,6054,5851
371,배럴 남성 구두,4,13000,1,1,1,2023-08-23,147,4397
372,유니클로 남성 상의,4,39000,1,3,2,2023-08-26,409,4755
373,유니클로 남성 정장,4,33000,3,3,3,2023-08-21,6394,396
374,내셔널지오그래픽 남성 하의,4,0,1,3,1,2023-08-22,6774,6862
375,구찌 남성 아우터,4,13000,3,3,3,2023-08-27,4391,3973
376,노스페이스 남성 양말,4,27000,1,2,2,2023-08-27,2420,5667
377,에르메스 남성 상의,4,30000,1,3,3,2023-08-26,5368,4098
378,구찌 남성 상의,4,7000,1,3,3,2023-08-21,2118,4137
379,노스페이스 남성 스포츠용품,4,18000,2,1,1,2023-08-27,2720,410
380,구찌 남성 상의,4,30000,3,3,3,2023-08-23,5378,831
381,노스페이스 남성 아우터,4,7000,1,1,1,2023-08-24,3443,1907
382,구찌 남성 양말,4,34000,1,4,3,2023-08-22,1106,5847
383,배럴 남성 운동화,4,39000,3,3,2,2023-08-23,3448,2926
384,내셔널지오그래픽 남성 구두,4,29000,2,3,3,2023-08-23,5748,1403
385,자라 남성 장갑,4,22000,1,1,3,2023-08-23,3434,6937
386,유니클로 남성 넥타이,4,30000,1,3,2,2023-08-25,1189,6444
387,배럴 남성 하의,4,6000,3,2,2,2023-08-25,103,3680
388,내셔널지오그래픽 남성 시계,4,10000,1,4,2,2023-08-24,5851,6087
389,노스페이스 남성 정장,4,0,1,3,3,2023-08-21,6554,5115
390,유니클로 남성 스포츠용품,4,22000,2,1,3,2023-08-21,943,1292
391,내셔널지오그래픽 남성 아우터,4,39000,2,3,3,2023-08-23,2017,609
392,내셔널지오그래픽 남성 상의,4,10000,2,1,2,2023-08-27,3229,6445
393,구찌 남성 장갑,4,31000,3,2,2,2023-08-26,3245,5459
394,구찌 남성 스포츠용품,4,32000,2,1,1,2023-08-26,6078,1379
395,내셔널지오그래픽 남성 양말,4,1000,2,1,1,2023-08-21,506,6469
396,에르메스 남성 장갑,4,19000,2,3,3,2023-08-26,3337,75
397,내셔널지오그래픽 남성 스포츠용품,4,28000,1,3,3,2023-08-21,2625,6503
398,자라 남성 스포츠용품,4,0,3,2,3,2023-08-21,5234,4764
399,내셔널지오그래픽 남성 아우터,4,39000,2,1,1,2023-08-27,6479,6997
400,내셔널지오그래픽 남성 양말,4,16000,2,4,3,2023-08-24,2630,1967
401,농심 시리얼,5,20000,2,2,2,2023-08-26,2230,762
402,하림 초콜릿,5,31000,3,1,3,2023-08-26,5708,507
403,하림 어린이식품,5,28000,3,3,2,2023-08-22,6641,3156
404,롯데 과자,5,39000,1,2,3,2023-08-21,6598,2355
405,농심 초콜릿,5,28000,3,1,3,2023-08-27,1266,776
406,오리온 쿠키,5,21000,1,3,3,2023-08-24,5117,1800
407,하림 견과,5,34000,2,3,3,2023-08-25,431,4360
408,빙그레 견과,5,28000,1,2,1,2023-08-27,2117,3079
409,풀무원 과자,5,19000,3,3,2,2023-08-26,5669,5628
410,농심 간편식,5,2000,2,1,1,2023-08-27,1200,3343
411,풀무원 라면,5,24000,2,3,1,2023-08-21,590,2659
412,농심 쿠키,5,2000,2,3,1,2023-08-22,757,5145
413,롯데 젤리,5,0,3,3,1,2023-08-27,6286,1287
414,하림 간편식,5,37000,3,3,1,2023-08-24,4652,3148
415,하림 젤리,5,8000,3,2,3,2023-08-26,2922,738
416,풀무원 견과,5,1000,2,2,3,2023-08-27,3519,4754
417,농심 쿠키,5,18000,2,1,3,2023-08-24,3786,4406
418,오리온 과자,5,17000,1,2,1,2023-08-23,6221,3218
419,빙그레 어린이식품,5,18000,2,4,1,2023-08-25,3165,4179
420,하림 간편식,5,1000,3,3,1,2023-08-23,6909,2114
421,빙그레 건강식품,5,9000,3,2,2,2023-08-25,1028,1892
422,오뚜기 냉장식품,5,1000,1,3,1,2023-08-27,437,751
423,농심 건강식품,5,0,1,3,1,2023-08-25,5163,2592
424,오뚜기 초콜릿,5,5000,3,4,1,2023-08-23,4397,6712
425,빙그레 초콜릿,5,14000,1,2,2,2023-08-26,3513,3462
426,하림 쿠키,5,16000,3,4,2,2023-08-24,5292,6737
427,풀무원 라면,5,14000,1,4,1,2023-08-26,6871,3029
428,오뚜기 어린이식품,5,11000,1,4,3,2023-08-25,2689,939
429,하림 젤리,5,2000,3,3,3,2023-08-23,1742,6543
430,하림 냉장식품,5,31000,3,1,2,2023-08-27,1703,2884
431,농심 건강식품,5,27000,3,4,1,2023-08-25,1826,2626
432,오뚜기 과자,5,37000,1,4,3,2023-08-24,4691,127
433,하림 과자,5,14000,1,3,3,2023-08-21,5431,339
434,오리온 초콜릿,5,39000,2,4,3,2023-08-21,6462,2093
435,풀무원 어린이식품,5,28000,2,2,3,2023-08-22,1287,6691
436,오리온 시리얼,5,23000,2,4,2,2023-08-26,5238,1550
437,빙그레 젤리,5,18000,2,2,2,2023-08-22,263,544
438,롯데 시리얼,5,38000,1,2,3,2023-08-24,3694,5024
439,풀무원 냉장식품,5,22000,3,2,3,2023-08-26,2909,5845
440,하림 과자,5,12000,2,3,3,2023-08-24,6647,4020
441,오리온 어린이식품,5,38000,1,4,2,2023-08-24,6823,256
442,농심 간편식,5,24000,1,2,2,2023-08-21,647,6898
443,하림 쿠키,5,19000,1,3,1,2023-08-21,4642,5939
444,오리온 견과,5,25000,3,2,2,2023-08-22,4202,1263
445,빙그레 건강식품,5,0,2,4,1,2023-08-21,3148,4475
446,농심 젤리,5,21000,3,1,3,2023-08-26,936,4243
447,빙그레 초콜릿,5,20000,3,2,1,2023-08-23,4719,542
448,하림 젤리,5,31000,2,1,2,2023-08-24,2432,4241
449,빙그레 과자,5,13000,1,1,1,2023-08-27,4649,2241
450,오뚜기 시리얼,5,31000,1,3,1,2023-08-21,110,6940
451,오리온 시리얼,5,28000,3,2,2,2023-08-25,1030,2930
452,풀무원 즉석식품,5,20000,1,2,2,2023-08-27,1750,4330
453,롯데 간편식,5,28000,2,3,3,2023-08-22,509,6020
454,빙그레 어린이식품,5,25000,3,2,1,2023-08-23,3019,2992
455,롯데 견과,5,3000,3,3,3,2023-08-22,1188,4084
456,롯데 어린이식품,5,13000,2,2,1,2023-08-23,448,4911
457,롯데 어린이식품,5,30000,3,2,3,2023-08-26,6626,2139
458,빙그레 즉석식품,5,17000,2,4,2,2023-08-23,4306,2898
459,농심 시리얼,5,26000,1,2,3,2023-08-24,1316,937
460,하림 시리얼,5,33000,3,2,2,2023-08-26,2276,8
461,오리온 간편식,5,21000,2,2,1,2023-08-21,5291,6667
462,오리온 간편식,5,27000,1,2,3,2023-08-24,3079,666
463,풀무원 쿠키,5,16000,1,3,3,2023-08-26,3185,5386
464,롯데 어린이식품,5,13000,3,3,2,2023-08-27,282,2018
465,오리온 젤리,5,26000,3,4,3,2023-08-22,2512,536
466,빙그레 젤리,5,11000,2,2,2,2023-08-26,5405,3820
467,오리온 쿠키,5,15000,2,2,2,2023-08-27,5567,2932
468,하림 쿠키,5,5000,2,1,2,2023-08-25,6896,5697
469,농심 어린이식품,5,25000,2,3,3,2023-08-23,3865,6121
470,하림 견과,5,13000,3,3,1,2023-08-27,1833,4399
471,하림 견과,5,27000,3,3,3,2023-08-23,3103,6555
472,풀무원 라면,5,27000,3,3,3,2023-08-24,5692,6697
473,롯데 간편식,5,10000,2,1,2,2023-08-23,1612,1513
474,풀무원 라면,5,24000,1,1,3,2023-08-25,4516,190
475,오리온 쿠키,5,2000,2,2,1,2023-08-22,2604,53
476,하림 쿠키,5,24000,2,4,2,2023-08-24,6442,3898
477,오리온 젤리,5,5000,3,3,1,2023-08-24,4037,1416
478,롯데 쿠키,5,33000,3,4,1,2023-08-26,1126,182
479,농심 건강식품,5,1000,1,4,2,2023-08-21,302,1972
480,롯데 견과,5,10000,3,4,1,2023-08-26,2966,1964
481,농심 냉장식품,5,35000,1,1,2,2023-08-24,4976,417
482,빙그레 간편식,5,12000,1,4,3,2023-08-24,5149,701
483,빙그레 과자,5,8000,1,2,3,2023-08-23,1410,5661
484,빙그레 냉장식품,5,17000,3,2,2,2023-08-27,2947,2582
485,하림 어린이식품,5,17000,2,4,1,2023-08-24,3477,5623
486,빙그레 어린이식품,5,29000,3,4,2,2023-08-25,2908,2506
487,롯데 견과,5,39000,3,2,2,2023-08-25,6043,2221
488,오리온 건강식품,5,32000,2,3,3,2023-08-22,688,4246
489,하림 냉장식품,5,24000,2,3,2,2023-08-24,5961,2408
490,롯데 시리얼,5,4000,2,1,1,2023-08-27,6455,1518
491,오뚜기 쿠키,5,1000,2,1,1,2023-08-27,825,1874
492,농심 견과,5,23000,2,3,3,2023-08-26,6091,6693
493,빙그레 건강식품,5,10000,1,3,1,2023-08-21,2524,5059
494,풀무원 즉석식품,5,38000,2,2,1,2023-08-24,588,4599
495,하림 간편식,5,5000,1,1,2,2023-08-23,2100,2919
496,오리온 라면,5,6000,1,3,1,2023-08-26,6847,171
497,하림 쿠키,5,40000,2,1,2,2023-08-24,3708,3653
498,롯데 건강식품,5,6000,3,3,2,2023-08-25,3029,4940
499,풀무원 라면,5,24000,1,2,3,2023-08-22,3908,1465
500,풀무원 과자,5,28000,2,2,2,2023-08-21,5585,2466
501,뉴발스 스포츠잡화,6,13000,1,2,3,2023-08-26,5427,4002
502,르꼬끄 등산용품,6,30000,1,1,1,2023-08-21,2786,1564
503,뉴발스 스포츠잡화,6,15000,3,3,2,2023-08-23,6684,6443
504,르꼬끄 구기용품,6,21000,2,1,3,2023-08-26,3532,5818
505,데상트 수상스포츠용품,6,3000,3,2,3,2023-08-27,814,723
506,뉴발스 등산용품,6,39000,2,2,3,2023-08-25,2581,2405
507,팀버랜드 자전거,6,23000,1,2,3,2023-08-25,5473,6260
508,나이키 구기용품,6,14000,3,1,3,2023-08-23,4391,2559
509,팀버랜드 캠핑용품,6,10000,2,4,2,2023-08-22,134,1905
510,뉴발스 등산용품,6,28000,2,2,3,2023-08-21,2914,2721
511,데상트 등산용품,6,4000,2,4,2,2023-08-23,2823,3214
512,아디다스 스케이트,6,10000,1,1,2,2023-08-26,3652,2216
513,데상트 등산용품,6,33000,2,1,3,2023-08-25,4935,4872
514,르꼬끄 스포츠잡화,6,16000,3,2,3,2023-08-27,5192,5311
515,르꼬끄 라켓,6,5000,2,2,1,2023-08-23,5670,383
516,아디다스 스포츠잡화,6,24000,3,3,2,2023-08-21,1388,4650
517,르꼬끄 골프용품,6,31000,1,3,2,2023-08-22,5995,1273
518,르꼬끄 스포츠잡화,6,15000,3,4,1,2023-08-24,1849,3625
519,데상트 낚시용품,6,24000,1,3,1,2023-08-26,3217,390
520,아디다스 스케이트,6,17000,2,1,2,2023-08-26,1539,4610
521,팀버랜드 수상스포츠용품,6,7000,3,2,1,2023-08-27,4032,5939
522,르꼬끄 킥보드,6,23000,1,1,2,2023-08-24,1221,1484
523,르꼬끄 낚시용품,6,31000,2,2,3,2023-08-27,2345,1230
524,팀버랜드 스케이트,6,39000,1,2,1,2023-08-25,655,861
525,뉴발스 골프용품,6,29000,3,1,2,2023-08-21,5239,6261
526,아디다스 낚시용품,6,18000,3,1,2,2023-08-25,4159,6780
527,데상트 등산용품,6,4000,1,4,1,2023-08-21,5128,253
528,뉴발스 스케이트,6,4000,1,2,1,2023-08-23,1558,3858
529,데상트 구기용품,6,25000,2,3,3,2023-08-25,1947,3246
530,아디다스 수상스포츠용품,6,34000,1,4,3,2023-08-24,6881,1155
531,데상트 스포츠잡화,6,32000,3,4,1,2023-08-23,5555,6156
532,나이키 낚시용품,6,0,1,2,1,2023-08-26,127,678
533,르꼬끄 수상스포츠용품,6,16000,2,1,3,2023-08-25,1420,3284
534,뉴발스 골프용품,6,9000,2,4,1,2023-08-27,2194,3662
535,뉴발스 자전거,6,38000,3,2,1,2023-08-27,6311,1057
536,나이키 킥보드,6,18000,1,3,3,2023-08-25,378,1195
537,나이키 골프용품,6,24000,2,4,3,2023-08-25,975,6331
538,데상트 캠핑용품,6,20000,3,4,3,2023-08-25,3583,2147
539,나이키 골프용품,6,25000,3,4,3,2023-08-27,605,183
540,뉴발스 낚시용품,6,4000,1,2,2,2023-08-25,547,5526
541,데상트 등산용품,6,36000,1,2,2,2023-08-23,2987,4500
542,뉴발스 등산용품,6,9000,1,1,2,2023-08-24,6303,1058
543,데상트 스케이트,6,27000,2,1,1,2023-08-25,1388,3182
544,아디다스 스포츠잡화,6,30000,2,1,2,2023-08-26,6377,4019
545,데상트 스포츠잡화,6,2000,1,3,1,2023-08-25,5066,2287
546,나이키 낚시용품,6,27000,2,1,3,2023-08-21,95,6166
547,뉴발스 낚시용품,6,40000,2,1,1,2023-08-24,356,6574
548,팀버랜드 골프용품,6,9000,3,2,3,2023-08-27,3476,3567
549,데상트 등산용품,6,40000,2,3,1,2023-08-23,4097,4819
550,뉴발스 자전거,6,2000,1,4,2,2023-08-23,3038,815
551,뉴발스 캠핑용품,6,9000,1,1,1,2023-08-26,2746,5911
552,뉴발스 구기용품,6,18000,2,2,2,2023-08-24,4773,1825
553,데상트 골프용품,6,1000,2,1,2,2023-08-26,2949,6193
554,르꼬끄 낚시용품,6,29000,2,4,3,2023-08-27,4298,1151
555,르꼬끄 스케이트,6,7000,3,3,2,2023-08-24,3340,1811
556,뉴발스 라켓,6,32000,3,1,3,2023-08-25,6639,181
557,팀버랜드 등산용품,6,39000,2,4,2,2023-08-23,6325,3273
558,아디다스 낚시용품,6,25000,1,3,2,2023-08-26,6777,1672
559,팀버랜드 캠핑용품,6,8000,1,3,1,2023-08-22,1531,1317
560,팀버랜드 스케이트,6,21000,1,4,3,2023-08-25,5562,2566
561,아디다스 등산용품,6,28000,3,2,3,2023-08-21,333,3635
562,나이키 자전거,6,22000,3,3,3,2023-08-22,803,5902
563,뉴발스 스케이트,6,24000,1,3,3,2023-08-24,871,5746
564,데상트 스포츠잡화,6,10000,3,3,1,2023-08-24,448,5415
565,르꼬끄 등산용품,6,36000,2,1,1,2023-08-25,1045,2223
566,데상트 킥보드,6,33000,1,1,1,2023-08-25,2740,5093
567,르꼬끄 낚시용품,6,5000,2,3,2,2023-08-25,4859,6133
568,아디다스 스케이트,6,34000,1,3,1,2023-08-25,1927,1638
569,뉴발스 스케이트,6,22000,2,2,2,2023-08-27,5710,1184
570,뉴발스 구기용품,6,39000,1,1,3,2023-08-22,2487,2952
571,뉴발스 등산용품,6,6000,3,1,3,2023-08-23,5197,6752
572,르꼬끄 킥보드,6,31000,3,4,1,2023-08-21,2831,3069
573,데상트 등산용품,6,40000,2,2,1,2023-08-25,3222,1530
574,데상트 라켓,6,39000,3,2,3,2023-08-23,6710,1173
575,나이키 낚시용품,6,15000,3,2,1,2023-08-22,1274,3462
576,팀버랜드 스포츠잡화,6,3000,2,1,2,2023-08-24,4757,4454
577,데상트 킥보드,6,35000,2,2,3,2023-08-26,2696,3268
578,팀버랜드 캠핑용품,6,29000,2,3,2,2023-08-27,1446,2225
579,팀버랜드 구기용품,6,7000,2,3,1,2023-08-21,3147,2453
580,데상트 등산용품,6,30000,3,4,1,2023-08-22,4870,1721
581,르꼬끄 스케이트,6,37000,1,2,1,2023-08-27,1954,6312
582,르꼬끄 킥보드,6,14000,1,4,3,2023-08-24,2878,6885
583,뉴발스 킥보드,6,35000,1,4,3,2023-08-26,1815,4063
584,아디다스 자전거,6,9000,3,4,2,2023-08-21,1231,3901
585,데상트 캠핑용품,6,0,3,3,2,2023-08-26,2068,6695
586,데상트 등산용품,6,24000,3,2,1,2023-08-23,3863,2141
587,르꼬끄 자전거,6,11000,2,2,1,2023-08-22,559,154
588,데상트 낚시용품,6,37000,3,1,1,2023-08-24,4928,2784
589,르꼬끄 라켓,6,7000,1,4,1,2023-08-27,2769,3833
590,르꼬끄 스포츠잡화,6,7000,1,3,3,2023-08-27,6807,1263
591,데상트 낚시용품,6,24000,1,2,2,2023-08-25,6831,2533
592,팀버랜드 자전거,6,9000,2,1,3,2023-08-27,6152,6340
593,팀버랜드 낚시용품,6,20000,1,3,1,2023-08-26,6253,2273
594,데상트 스포츠잡화,6,19000,1,4,3,2023-08-24,415,247
595,나이키 캠핑용품,6,31000,2,4,1,2023-08-25,6447,6794
596,팀버랜드 스케이트,6,6000,1,3,1,2023-08-26,3763,6287
597,아디다스 낚시용품,6,17000,2,4,1,2023-08-23,379,3071
598,팀버랜드 스포츠잡화,6,7000,3,4,3,2023-08-27,5468,886
599,뉴발스 라켓,6,12000,2,1,2,2023-08-26,5222,1523
600,팀버랜드 낚시용품,6,22000,1,1,3,2023-08-21,3152,2423
601,디즈니 비즈,7,2000,1,1,2,2023-08-25,5516,3544
602,디즈니 스티커,7,9000,3,1,2,2023-08-26,5836,898
603,디즈니 퍼즐,7,30000,2,3,1,2023-08-23,3402,2536
604,마블 게임기기,7,34000,3,3,2,2023-08-25,955,1268
605,디즈니 포토카드,7,34000,3,2,3,2023-08-27,6974,4745
606,JYP 어린이 DVD,7,30000,2,3,2,2023-08-27,5348,2175
607,닌텐도 비즈,7,27000,3,1,3,2023-08-21,1210,3143
608,마블 퍼즐,7,9000,3,4,1,2023-08-27,5065,5039
609,소니 게임기기,7,29000,3,4,1,2023-08-27,1154,4971
610,JYP 식물,7,25000,3,1,3,2023-08-26,4024,1569
611,소니 포토카드,7,7000,2,4,3,2023-08-22,4805,4087
612,마블 게임용품,7,17000,1,2,1,2023-08-26,2759,3839
613,JYP 퍼즐,7,3000,3,4,1,2023-08-22,2872,2054
614,SM 미술용품,7,4000,1,1,2,2023-08-24,3671,4686
615,SM 스티커,7,38000,2,2,3,2023-08-25,804,4238
616,SM 게임용품,7,35000,2,4,3,2023-08-25,6091,2629
617,마블 DVD,7,5000,1,1,1,2023-08-25,5423,2828
618,JYP 미술용품,7,10000,1,3,2,2023-08-23,882,5971
619,닌텐도 게임용품,7,10000,2,4,1,2023-08-25,3603,5824
620,디즈니 비즈,7,4000,1,3,3,2023-08-23,6522,1763
621,소니 스티커,7,0,2,2,1,2023-08-24,897,911
622,마블 비즈,7,12000,1,4,1,2023-08-21,519,6714
623,마블 포토카드,7,7000,3,4,2,2023-08-27,2922,2159
624,SM 퍼즐,7,8000,1,2,1,2023-08-22,6223,4633
625,소니 스티커,7,2000,1,2,3,2023-08-22,3830,5999
626,소니 어린이 DVD,7,34000,3,4,3,2023-08-26,4831,3234
627,소니 게임용품,7,34000,2,1,2,2023-08-27,1836,1304
628,디즈니 게임용품,7,2000,1,1,3,2023-08-24,2469,1197
629,소니 스티커,7,18000,1,3,2,2023-08-25,6482,1497
630,마블 스티커,7,35000,2,3,1,2023-08-24,6003,4652
631,소니 미술용품,7,1000,1,4,1,2023-08-21,6679,6250
632,디즈니 비즈,7,2000,1,4,2,2023-08-23,5333,6374
633,SM 포토카드,7,18000,1,3,2,2023-08-24,3731,6275
634,닌텐도 DVD,7,0,3,2,2,2023-08-23,5688,719
635,소니 식물,7,23000,1,2,1,2023-08-23,5089,6545
636,닌텐도 미술용품,7,11000,1,3,2,2023-08-26,4747,1724
637,JYP 미술용품,7,29000,2,2,1,2023-08-25,6738,5739
638,SM 스티커,7,24000,1,4,2,2023-08-27,1275,6705
639,마블 어린이 DVD,7,8000,3,3,2,2023-08-21,3082,256
640,닌텐도 포토카드,7,2000,1,1,1,2023-08-24,1658,1992
641,SM 뜨개질,7,8000,2,2,3,2023-08-22,2357,3766
642,JYP 어린이 DVD,7,13000,1,3,2,2023-08-25,1438,1058
643,디즈니 뜨개질,7,14000,2,1,3,2023-08-23,2587,5165
644,마블 게임기기,7,6000,3,3,1,2023-08-24,1752,6802
645,JYP 스티커,7,24000,3,4,3,2023-08-25,1903,1581
646,마블 게임용품,7,8000,1,2,1,2023-08-25,6698,2598
647,SM 어린이 DVD,7,0,3,2,2,2023-08-23,6107,6038
648,SM 게임용품,7,5000,1,2,3,2023-08-25,4571,12
649,SM 미술용품,7,22000,2,2,3,2023-08-27,6492,5164
650,SM 게임용품,7,32000,2,4,2,2023-08-27,6863,3645
651,SM 미술용품,7,31000,1,3,3,2023-08-26,1721,337
652,SM 어린이 DVD,7,6000,2,4,1,2023-08-27,5434,5347
653,소니 미술용품,7,27000,1,1,1,2023-08-21,5052,196
654,SM DVD,7,29000,2,2,3,2023-08-26,3918,6882
655,닌텐도 퍼즐,7,34000,3,4,3,2023-08-24,6883,2584
656,소니 뜨개질,7,15000,3,3,1,2023-08-27,4528,1596
657,소니 게임기기,7,26000,2,3,3,2023-08-24,3962,2456
658,디즈니 DVD,7,33000,1,2,1,2023-08-22,1519,2319
659,디즈니 미술용품,7,16000,3,1,1,2023-08-22,2129,1755
660,디즈니 비즈,7,12000,1,1,3,2023-08-24,2131,6042
661,JYP 게임용품,7,34000,3,1,3,2023-08-21,6257,6052
662,닌텐도 게임기기,7,13000,3,3,1,2023-08-22,4030,465
663,마블 게임기기,7,15000,3,4,1,2023-08-23,6469,4846
664,닌텐도 뜨개질,7,10000,1,4,2,2023-08-22,538,1802
665,마블 포토카드,7,4000,3,1,3,2023-08-23,4804,5497
666,마블 DVD,7,0,3,4,1,2023-08-21,1023,3468
667,마블 스티커,7,6000,2,1,2,2023-08-22,6915,3131
668,SM 포토카드,7,21000,2,3,2,2023-08-23,732,6520
669,소니 게임용품,7,37000,1,3,2,2023-08-26,1240,5788
670,JYP DVD,7,20000,1,3,2,2023-08-25,5834,3549
671,마블 게임기기,7,16000,2,1,2,2023-08-22,897,6394
672,SM 뜨개질,7,29000,2,1,1,2023-08-21,5909,3834
673,마블 스티커,7,33000,3,4,3,2023-08-23,3999,6
674,SM 미술용품,7,39000,1,4,3,2023-08-24,2330,5967
675,마블 게임기기,7,30000,3,2,3,2023-08-26,4819,3965
676,마블 식물,7,21000,1,2,2,2023-08-26,2819,2103
677,SM 비즈,7,9000,1,2,2,2023-08-24,4331,4606
678,닌텐도 어린이 DVD,7,16000,2,4,3,2023-08-27,4423,3868
679,JYP 스티커,7,2000,1,3,2,2023-08-25,5502,5448
680,닌텐도 포토카드,7,9000,1,3,1,2023-08-21,1982,2242
681,JYP 포토카드,7,19000,3,3,3,2023-08-24,4189,4185
682,마블 DVD,7,6000,3,2,1,2023-08-21,3338,5714
683,소니 미술용품,7,34000,1,1,3,2023-08-24,5894,5308
684,소니 포토카드,7,19000,1,1,3,2023-08-26,4445,424
685,디즈니 미술용품,7,34000,2,4,3,2023-08-24,3785,4283
686,JYP 뜨개질,7,12000,2,3,3,2023-08-25,5800,5694
687,JYP 미술용품,7,18000,2,1,2,2023-08-24,6908,6716
688,JYP 미술용품,7,31000,2,2,1,2023-08-25,3813,2235
689,소니 미술용품,7,21000,3,1,3,2023-08-21,6519,6615
690,소니 식물,7,28000,3,3,1,2023-08-25,39,2721
691,JYP 식물,7,29000,2,3,3,2023-08-22,2257,6664
692,JYP 어린이 DVD,7,32000,2,3,2,2023-08-27,2868,3962
693,마블 비즈,7,8000,2,3,2,2023-08-25,4024,6322
694,디즈니 포토카드,7,4000,1,2,2,2023-08-21,1309,2590
695,SM DVD,7,22000,1,4,3,2023-08-24,42,3687
696,JYP 식물,7,29000,3,2,2,2023-08-27,6148,6855
697,JYP 스티커,7,3000,2,3,2,2023-08-27,5354,742
698,닌텐도 식물,7,23000,1,2,1,2023-08-27,4047,5517
699,마블 어린이 DVD,7,19000,1,1,2,2023-08-21,5014,3225
700,마블 어린이 DVD,7,6000,3,3,1,2023-08-25,2098,5772
701,닥터G 뷰티소품,8,16000,3,2,1,2023-08-23,96,2816
702,스킨푸드 뷰티소품,8,35000,1,4,2,2023-08-22,4932,5818
703,스킨푸드 클렌징,8,28000,1,2,2,2023-08-24,1512,5449
704,네이처 리퍼블릭 남성화장품,8,29000,2,2,3,2023-08-25,4247,5136
705,더페이스샵 클렌징,8,18000,2,4,3,2023-08-27,798,3033
706,닥터G 스킨케어,8,5000,1,1,2,2023-08-24,3396,4141
707,생 로랑 어린이화장품,8,17000,2,4,2,2023-08-24,1701,6817
708,생 로랑 네일,8,23000,1,2,2,2023-08-27,787,5776
709,미샤 네일,8,30000,3,3,2,2023-08-21,2311,3270
710,닥터G 명품뷰티,8,37000,3,4,1,2023-08-25,739,4497
711,미샤 헤어,8,24000,3,2,2,2023-08-26,4447,5036
712,생 로랑 헤어,8,23000,1,4,3,2023-08-26,3878,5400
713,네이처 리퍼블릭 남성화장품,8,28000,2,2,2,2023-08-22,251,2010
714,닥터G 메이크업,8,5000,2,4,3,2023-08-26,447,1135
715,미샤 헤어,8,21000,3,2,2,2023-08-25,958,2269
716,닥터G 어린이화장품,8,34000,1,4,3,2023-08-25,5497,1063
717,더페이스샵 메이크업,8,7000,1,3,2,2023-08-22,1645,2337
718,미샤 스킨케어,8,27000,1,3,3,2023-08-25,5982,1276
719,더페이스샵 어린이화장품,8,15000,2,2,2,2023-08-22,2233,1094
720,닥터G 남성화장품,8,7000,3,3,1,2023-08-25,16,3898
721,더페이스샵 어린이화장품,8,2000,1,2,2,2023-08-23,4331,6134
722,더페이스샵 어린이화장품,8,14000,2,2,1,2023-08-23,2325,3138
723,닥터G 메이크업,8,3000,1,2,2,2023-08-22,1026,5923
724,네이처 리퍼블릭 남성화장품,8,26000,1,2,1,2023-08-24,3327,1218
725,닥터G 스킨케어,8,16000,3,1,3,2023-08-27,2933,4358
726,생 로랑 어린이화장품,8,7000,2,3,2,2023-08-25,4803,2716
727,스킨푸드 남성향수,8,33000,2,2,1,2023-08-21,4790,2708
728,미샤 남성향수,8,25000,2,2,3,2023-08-24,478,4717
729,닥터G 남성화장품,8,22000,2,2,3,2023-08-22,3560,2113
730,더페이스샵 클렌징,8,36000,2,1,3,2023-08-27,4468,4044
731,스킨푸드 여성향수,8,1000,2,1,3,2023-08-26,2344,2291
732,닥터G 스킨케어,8,17000,1,3,2,2023-08-21,1855,711
733,미샤 명품뷰티,8,7000,2,2,1,2023-08-22,1080,4185
734,미샤 명품뷰티,8,27000,2,4,1,2023-08-22,3057,3017
735,미샤 여성향수,8,38000,1,4,2,2023-08-21,178,429
736,닥터G 남성향수,8,25000,3,1,3,2023-08-25,3480,5597
737,네이처 리퍼블릭 남성향수,8,2000,3,3,3,2023-08-24,680,2907
738,생 로랑 메이크업,8,4000,1,4,1,2023-08-24,6613,5241
739,네이처 리퍼블릭 남성화장품,8,0,1,4,1,2023-08-24,5144,5869
740,스킨푸드 여성향수,8,9000,1,1,1,2023-08-26,3811,5284
741,더페이스샵 남성향수,8,13000,2,3,3,2023-08-25,2431,642
742,네이처 리퍼블릭 뷰티소품,8,28000,3,4,2,2023-08-26,6634,1232
743,스킨푸드 헤어,8,32000,2,1,1,2023-08-26,4387,1739
744,더페이스샵 헤어,8,11000,2,4,3,2023-08-24,2802,212
745,생 로랑 스킨케어,8,18000,1,1,3,2023-08-21,6863,4922
746,스킨푸드 여성향수,8,34000,3,2,2,2023-08-25,2920,5733
747,닥터G 어린이화장품,8,6000,2,2,3,2023-08-25,1887,6923
748,네이처 리퍼블릭 네일,8,23000,3,2,1,2023-08-23,896,4916
749,미샤 헤어,8,37000,3,4,3,2023-08-26,3300,4568
750,스킨푸드 헤어,8,34000,3,1,3,2023-08-26,3879,4551
751,스킨푸드 남성향수,8,0,3,2,1,2023-08-26,273,5689
752,생 로랑 명품뷰티,8,0,2,4,3,2023-08-22,6410,5762
753,더페이스샵 뷰티소품,8,27000,2,1,3,2023-08-24,2551,6728
754,네이처 리퍼블릭 남성향수,8,34000,1,3,3,2023-08-22,3507,720
755,닥터G 뷰티소품,8,14000,3,2,3,2023-08-24,136,6650
756,더페이스샵 여성향수,8,29000,1,4,2,2023-08-25,5179,4546
757,네이처 리퍼블릭 메이크업,8,6000,2,4,2,2023-08-27,3254,4921
758,스킨푸드 뷰티소품,8,36000,1,1,3,2023-08-24,3046,4294
759,네이처 리퍼블릭 스킨케어,8,16000,2,1,3,2023-08-24,2094,6606
760,닥터G 명품뷰티,8,8000,3,1,2,2023-08-24,6655,888
761,닥터G 남성화장품,8,35000,2,2,1,2023-08-25,6874,6243
762,스킨푸드 남성화장품,8,30000,3,4,2,2023-08-23,6011,1609
763,미샤 헤어,8,19000,1,1,3,2023-08-26,1435,6785
764,스킨푸드 여성향수,8,21000,2,4,2,2023-08-27,1535,1738
765,생 로랑 남성화장품,8,38000,3,2,1,2023-08-26,3620,3904
766,닥터G 여성향수,8,0,1,4,1,2023-08-21,2646,197
767,생 로랑 명품뷰티,8,16000,3,3,1,2023-08-24,2758,1264
768,더페이스샵 네일,8,36000,2,4,2,2023-08-25,3730,1294
769,스킨푸드 메이크업,8,13000,3,1,1,2023-08-22,4708,2999
770,더페이스샵 스킨케어,8,15000,1,1,1,2023-08-22,1897,4677
771,미샤 헤어,8,2000,2,4,1,2023-08-26,4800,3968
772,생 로랑 남성향수,8,33000,3,4,2,2023-08-21,1836,4469
773,닥터G 네일,8,18000,1,3,1,2023-08-24,5110,493
774,네이처 리퍼블릭 뷰티소품,8,15000,1,3,2,2023-08-25,561,4322
775,더페이스샵 메이크업,8,7000,1,3,3,2023-08-23,2870,1146
776,생 로랑 명품뷰티,8,31000,2,2,1,2023-08-26,4960,6010
777,스킨푸드 헤어,8,23000,3,2,2,2023-08-23,1211,6918
778,생 로랑 메이크업,8,22000,1,2,3,2023-08-26,3582,4975
779,스킨푸드 남성화장품,8,35000,1,1,2,2023-08-22,5186,3162
780,스킨푸드 메이크업,8,15000,2,3,1,2023-08-25,2873,3115
781,닥터G 네일,8,27000,2,3,2,2023-08-26,49,4736
782,미샤 뷰티소품,8,18000,2,1,2,2023-08-21,3241,1001
783,더페이스샵 남성향수,8,8000,3,3,2,2023-08-22,4638,3638
784,더페이스샵 메이크업,8,40000,2,1,1,2023-08-21,950,538
785,네이처 리퍼블릭 남성향수,8,24000,2,1,2,2023-08-22,2096,5088
786,더페이스샵 여성향수,8,18000,1,1,1,2023-08-25,391,2831
787,더페이스샵 메이크업,8,25000,2,1,3,2023-08-22,4502,6892
788,미샤 뷰티소품,8,19000,1,3,2,2023-08-23,5107,3360
789,닥터G 클렌징,8,27000,3,4,3,2023-08-25,3690,6758
790,스킨푸드 남성화장품,8,35000,2,4,2,2023-08-21,2283,5340
791,네이처 리퍼블릭 남성화장품,8,11000,1,4,2,2023-08-22,6832,5403
792,네이처 리퍼블릭 네일,8,14000,3,3,3,2023-08-23,3507,1206
793,미샤 메이크업,8,24000,2,3,2,2023-08-21,2173,2346
794,닥터G 여성향수,8,21000,3,3,1,2023-08-22,1321,4868
795,생 로랑 남성향수,8,11000,3,2,1,2023-08-23,2194,6099
796,더페이스샵 명품뷰티,8,21000,1,2,3,2023-08-27,2883,2921
797,생 로랑 클렌징,8,30000,1,3,3,2023-08-22,1039,2738
798,생 로랑 헤어,8,17000,3,2,1,2023-08-21,5350,6842
799,닥터G 뷰티소품,8,24000,2,2,2,2023-08-24,5952,6600
800,스킨푸드 남성화장품,8,9000,3,4,2,2023-08-23,1649,5441
801,도그위시 강아지 사료,9,5000,3,1,2,2023-08-26,2515,1644
802,도기파크 캣타워,9,14000,1,1,2,2023-08-24,2881,4838
803,도그위시 고양이 간식,9,0,2,3,2,2023-08-23,5218,2657
804,도도하냥 영양제,9,30000,2,4,3,2023-08-22,3791,1733
805,도기파크 강아지 간식,9,4000,3,2,2,2023-08-21,2479,5069
806,디얼퍼피 영양제,9,32000,1,3,1,2023-08-25,5845,536
807,도기파크 고양이 사료,9,19000,1,4,2,2023-08-24,1824,4424
808,도도하냥 고양이 간식,9,17000,2,1,2,2023-08-25,1529,2794
809,디얼캣 배변용품,9,28000,2,4,1,2023-08-26,1405,384
810,디얼퍼피 고양이 간식,9,31000,2,1,1,2023-08-21,3354,1717
811,디얼퍼피 캣타워,9,13000,3,1,3,2023-08-21,1008,4465
812,도기파크 영양제,9,22000,3,3,1,2023-08-25,1809,4998
813,도도하냥 고양이 사료,9,6000,1,4,2,2023-08-26,6536,77
814,디얼캣 배변용품,9,25000,2,3,1,2023-08-26,4994,2196
815,도기파크 고양이 간식,9,15000,2,4,2,2023-08-25,1533,999
816,도도하냥 고양이 간식,9,19000,2,3,1,2023-08-24,4099,2494
817,도기파크 강아지 사료,9,3000,2,3,1,2023-08-26,4092,6819
818,도기파크 배변용품,9,18000,1,1,1,2023-08-23,6486,1778
819,도기파크 장난감,9,33000,2,1,3,2023-08-22,6618,5005
820,캣파크 강아지 사료,9,25000,2,2,1,2023-08-26,5761,929
821,도기파크 강아지 간식,9,22000,1,1,3,2023-08-25,231,4484
822,도그위시 고양이 간식,9,11000,3,4,1,2023-08-25,6219,3132
823,디얼캣 고양이 사료,9,37000,1,3,2,2023-08-24,2856,4364
824,도도하냥 배변용품,9,7000,2,2,2,2023-08-21,4502,3421
825,도그위시 배변용품,9,9000,1,1,3,2023-08-23,4253,4246
826,도그위시 배변용품,9,32000,2,2,1,2023-08-22,176,3703
827,캣파크 배변용품,9,12000,1,2,2,2023-08-24,6052,6416
828,디얼캣 영양제,9,10000,1,3,3,2023-08-26,252,1177
829,디얼퍼피 고양이 사료,9,27000,1,1,1,2023-08-25,1991,1036
830,도도하냥 장난감,9,38000,2,3,2,2023-08-24,6835,5981
831,도그위시 캣타워,9,18000,3,1,3,2023-08-25,1755,3628
832,캣파크 캣타워,9,35000,3,3,1,2023-08-23,4409,4956
833,디얼캣 강아지 간식,9,24000,3,4,1,2023-08-22,2800,730
834,도기파크 캣타워,9,5000,1,3,3,2023-08-22,3098,4334
835,디얼캣 고양이 사료,9,12000,2,3,2,2023-08-25,6691,3653
836,도기파크 강아지 사료,9,23000,3,1,3,2023-08-24,984,4713
837,도그위시 고양이 사료,9,17000,3,1,3,2023-08-22,4581,712
838,도도하냥 강아지 사료,9,23000,2,4,2,2023-08-25,5231,5264
839,도기파크 캣타워,9,40000,1,2,1,2023-08-26,5679,4140
840,캣파크 하우스,9,6000,3,4,3,2023-08-23,467,5796
841,디얼퍼피 고양이 간식,9,34000,3,2,1,2023-08-26,6895,6500
842,디얼캣 영양제,9,4000,1,1,3,2023-08-23,6980,3348
843,캣파크 강아지 사료,9,27000,2,4,1,2023-08-26,3862,892
844,도도하냥 고양이 간식,9,18000,1,3,3,2023-08-24,262,6894
845,도도하냥 고양이 사료,9,0,1,2,1,2023-08-25,6832,1987
846,도도하냥 캣타워,9,26000,1,4,3,2023-08-27,2638,6382
847,도도하냥 캣타워,9,36000,1,1,3,2023-08-24,3663,5251
848,캣파크 고양이 간식,9,1000,3,3,3,2023-08-23,126,1312
849,도기파크 고양이 사료,9,20000,1,3,3,2023-08-22,5784,35
850,도기파크 강아지 사료,9,40000,3,2,2,2023-08-27,1894,2624
851,도그위시 영양제,9,32000,1,4,2,2023-08-23,6188,1558
852,도기파크 장난감,9,6000,3,2,3,2023-08-23,376,1766
853,도그위시 강아지 간식,9,23000,1,2,3,2023-08-21,2515,1279
854,도기파크 장난감,9,35000,1,4,3,2023-08-21,6529,1843
855,도기파크 강아지 사료,9,23000,2,2,3,2023-08-23,1569,1404
856,디얼캣 캣타워,9,37000,2,2,3,2023-08-27,2925,859
857,디얼캣 고양이 간식,9,7000,2,1,1,2023-08-26,1217,3477
858,도도하냥 하우스,9,15000,3,1,1,2023-08-26,3353,5867
859,디얼퍼피 고양이 간식,9,20000,3,4,3,2023-08-22,6354,6388
860,디얼캣 강아지 사료,9,9000,2,3,3,2023-08-27,1962,6972
861,도도하냥 강아지 사료,9,16000,2,4,3,2023-08-23,6672,2187
862,도그위시 영양제,9,17000,3,4,2,2023-08-23,1244,1014
863,도도하냥 장난감,9,2000,2,2,3,2023-08-27,3542,130
864,도그위시 영양제,9,6000,3,4,1,2023-08-24,2734,2660
865,캣파크 캣타워,9,15000,3,2,1,2023-08-22,1169,3805
866,도그위시 영양제,9,39000,2,3,1,2023-08-22,6634,1831
867,도그위시 배변용품,9,24000,3,1,1,2023-08-21,2659,1188
868,캣파크 고양이 사료,9,1000,2,3,2,2023-08-26,6373,1371
869,도기파크 배변용품,9,36000,2,1,3,2023-08-24,3516,1307
870,디얼퍼피 배변용품,9,11000,3,3,1,2023-08-26,843,1516
871,캣파크 하우스,9,25000,1,2,2,2023-08-23,3415,1498
872,도그위시 강아지 사료,9,10000,3,2,1,2023-08-26,1625,3
873,디얼퍼피 캣타워,9,25000,2,1,3,2023-08-22,2971,2439
874,도기파크 배변용품,9,19000,3,3,2,2023-08-22,5534,5682
875,도도하냥 장난감,9,16000,3,2,1,2023-08-27,4903,2875
876,디얼캣 배변용품,9,31000,3,1,1,2023-08-26,223,6480
877,디얼캣 배변용품,9,21000,2,3,3,2023-08-26,6424,1564
878,캣파크 장난감,9,9000,2,2,2,2023-08-26,6021,394
879,도기파크 고양이 간식,9,8000,1,2,3,2023-08-21,1351,5916
880,도도하냥 캣타워,9,29000,2,2,1,2023-08-21,3094,4707
881,디얼퍼피 고양이 간식,9,29000,1,2,3,2023-08-27,875,1626
882,도기파크 강아지 사료,9,18000,1,1,1,2023-08-21,1038,5978
883,디얼퍼피 영양제,9,37000,3,4,1,2023-08-22,6574,6963
884,도그위시 영양제,9,37000,3,1,2,2023-08-26,4892,3987
885,도그위시 배변용품,9,13000,2,4,3,2023-08-27,6916,2181
886,도도하냥 고양이 간식,9,40000,1,4,1,2023-08-24,6324,1049
887,도기파크 강아지 사료,9,20000,2,2,1,2023-08-27,3253,1538
888,도그위시 고양이 사료,9,11000,1,4,2,2023-08-24,5442,3863
889,캣파크 고양이 간식,9,17000,3,2,1,2023-08-25,6072,1740
890,도도하냥 하우스,9,25000,3,1,1,2023-08-25,4419,4632
891,디얼캣 캣타워,9,10000,1,2,3,2023-08-21,1628,5310
892,도그위시 강아지 사료,9,6000,1,2,3,2023-08-22,2375,2308
893,도기파크 강아지 간식,9,36000,2,3,3,2023-08-21,947,6255
894,캣파크 캣타워,9,31000,1,4,2,2023-08-26,1851,4561
895,도도하냥 장난감,9,23000,1,4,1,2023-08-22,3073,590
896,도기파크 영양제,9,10000,3,4,2,2023-08-22,5058,4191
897,디얼캣 강아지 사료,9,8000,2,4,2,2023-08-27,3570,4233
898,도도하냥 장난감,9,10000,3,2,3,2023-08-26,4395,94
899,도그위시 캣타워,9,15000,1,4,1,2023-08-25,845,6961
900,도그위시 장난감,9,16000,2,3,2,2023-08-23,2929,223
901,11번가 공연티켓,10,24000,1,4,3,2023-08-21,3171,4004
902,GS25 만화책,10,21000,1,4,1,2023-08-22,6902,1929
903,맥심 만화책,10,0,1,4,3,2023-08-24,4506,6278
904,CJ 연극티켓,10,23000,2,1,1,2023-08-27,5809,1624
905,인터파크 콘서트티켓,10,37000,2,1,1,2023-08-25,137,5539
906,11번가 만화책,10,19000,3,1,3,2023-08-21,413,5711
907,CJ 만화책,10,1000,3,3,1,2023-08-22,1207,4643
908,에스콰이어 식품교환권,10,16000,3,3,2,2023-08-25,2905,5522
909,에스콰이어 뮤지컬티켓,10,19000,1,1,3,2023-08-26,1906,4558
910,인터파크 잡지,10,34000,3,4,3,2023-08-27,764,6074
911,GS25 도서,10,31000,1,3,2,2023-08-22,886,6454
912,인터파크 당첨교환권,10,18000,1,2,1,2023-08-21,5909,5073
913,인터파크 잡지,10,22000,1,3,2,2023-08-25,3779,4161
914,GS25 공연티켓,10,1000,2,2,2,2023-08-27,1134,1603
915,에스콰이어 당첨교환권,10,17000,2,4,3,2023-08-21,3241,5490
916,CJ 콘서트티켓,10,32000,1,2,2,2023-08-26,5653,1023
917,GS25 잡지,10,18000,3,2,1,2023-08-21,4353,4946
918,GS25 연극티켓,10,39000,1,2,3,2023-08-27,6488,1433
919,맥심 당첨교환권,10,25000,3,2,3,2023-08-25,1663,488
920,CJ 연극티켓,10,3000,1,3,1,2023-08-27,1686,6554
921,에스콰이어 뮤지컬티켓,10,37000,1,4,1,2023-08-25,5927,376
922,GS25 뮤지컬티켓,10,15000,1,4,2,2023-08-22,1462,2011
923,에스콰이어 콘서트티켓,10,35000,3,4,1,2023-08-26,1569,3791
924,11번가 잡지,10,24000,3,1,2,2023-08-26,3163,3131
925,GS25 공연티켓,10,39000,3,3,3,2023-08-24,1207,3745
926,11번가 연극티켓,10,11000,3,3,1,2023-08-27,387,4600
927,11번가 당첨교환권,10,19000,1,1,2,2023-08-24,1888,6991
928,11번가 뮤지컬티켓,10,36000,2,4,2,2023-08-22,5664,6139
929,에스콰이어 콘서트티켓,10,19000,2,2,1,2023-08-25,3288,5955
930,GS25 식품교환권,10,8000,1,3,3,2023-08-23,5047,3829
931,맥심 잡지,10,26000,3,3,2,2023-08-25,1753,4941
932,11번가 당첨교환권,10,2000,1,4,2,2023-08-27,686,651
933,11번가 도서,10,25000,2,4,2,2023-08-22,4372,1115
934,11번가 도서,10,5000,1,3,1,2023-08-25,5778,4682
935,GS25 공연티켓,10,8000,1,3,2,2023-08-24,590,5568
936,맥심 백화점교환권,10,23000,2,1,3,2023-08-26,330,3512
937,맥심 만화책,10,6000,3,4,3,2023-08-24,5004,5012
938,GS25 식품교환권,10,22000,2,1,2,2023-08-24,6863,3569
939,GS25 뮤지컬티켓,10,0,3,1,2,2023-08-24,3627,3922
940,맥심 도서,10,13000,1,3,2,2023-08-21,567,4241
941,11번가 뮤지컬티켓,10,7000,2,1,2,2023-08-22,4163,6134
942,인터파크 잡지,10,11000,2,4,3,2023-08-27,5348,4476
943,에스콰이어 식품교환권,10,6000,2,4,2,2023-08-25,3416,1057
944,11번가 만화책,10,8000,2,1,1,2023-08-21,4236,927
945,CJ 만화책,10,14000,2,2,1,2023-08-23,5170,5471
946,에스콰이어 백화점교환권,10,40000,2,1,1,2023-08-21,6269,5625
947,맥심 백화점교환권,10,8000,2,2,3,2023-08-24,2433,5164
948,GS25 식품교환권,10,32000,3,1,3,2023-08-27,3672,4231
949,CJ 식품교환권,10,1000,2,2,3,2023-08-23,62,4696
950,맥심 뮤지컬티켓,10,7000,2,1,2,2023-08-22,4303,572
951,인터파크 잡지,10,21000,3,1,1,2023-08-23,1943,5339
952,인터파크 잡지,10,28000,2,3,2,2023-08-22,472,2126
953,CJ 식품교환권,10,34000,3,1,2,2023-08-22,1420,4069
954,GS25 당첨교환권,10,8000,3,2,3,2023-08-27,137,5937
955,맥심 뮤지컬티켓,10,23000,2,4,1,2023-08-22,6954,1639
956,GS25 식품교환권,10,34000,3,3,3,2023-08-21,3363,2481
957,CJ 도서,10,35000,1,4,2,2023-08-27,3518,3175
958,맥심 만화책,10,15000,1,4,2,2023-08-27,6326,2603
959,에스콰이어 백화점교환권,10,8000,3,1,1,2023-08-26,4934,5400
960,인터파크 잡지,10,0,3,3,2,2023-08-26,2028,3880
961,맥심 뮤지컬티켓,10,22000,2,2,1,2023-08-27,5061,4334
962,11번가 뮤지컬티켓,10,19000,2,4,2,2023-08-22,1287,525
963,에스콰이어 당첨교환권,10,7000,1,3,1,2023-08-24,4078,348
964,GS25 콘서트티켓,10,22000,3,4,3,2023-08-25,3854,5070
965,맥심 도서,10,40000,3,1,1,2023-08-22,4242,3144
966,GS25 콘서트티켓,10,27000,2,2,2,2023-08-22,4381,5085
967,11번가 공연티켓,10,13000,3,3,2,2023-08-25,4569,3060
968,11번가 백화점교환권,10,3000,1,1,1,2023-08-25,1766,6742
969,11번가 뮤지컬티켓,10,11000,3,3,1,2023-08-25,3609,6454
970,11번가 만화책,10,39000,1,3,2,2023-08-24,2764,1567
971,에스콰이어 연극티켓,10,17000,1,3,3,2023-08-25,5607,3027
972,CJ 도서,10,37000,1,1,1,2023-08-24,6770,1205
973,에스콰이어 만화책,10,8000,2,4,2,2023-08-22,4420,2260
974,인터파크 연극티켓,10,15000,2,3,1,2023-08-26,4930,341
975,인터파크 콘서트티켓,10,5000,3,1,2,2023-08-22,5887,1175
976,CJ 공연티켓,10,3000,3,1,3,2023-08-21,5255,215
977,인터파크 잡지,10,31000,3,1,3,2023-08-26,3794,2617
978,CJ 식품교환권,10,16000,2,4,2,2023-08-24,4286,5657
979,CJ 도서,10,23000,3,4,2,2023-08-22,4951,474
980,맥심 식품교환권,10,9000,3,4,2,2023-08-24,2023,3201
981,CJ 뮤지컬티켓,10,28000,3,3,1,2023-08-26,6769,6548
982,인터파크 잡지,10,20000,1,4,3,2023-08-27,462,1499
983,맥심 뮤지컬티켓,10,18000,3,4,1,2023-08-21,5745,18
984,CJ 식품교환권,10,34000,1,3,3,2023-08-22,2384,3706
985,맥심 뮤지컬티켓,10,9000,3,2,2,2023-08-24,5934,2158
986,맥심 연극티켓,10,0,3,3,3,2023-08-25,5176,6356
987,GS25 공연티켓,10,27000,3,2,1,2023-08-21,3958,5867
988,맥심 식품교환권,10,26000,1,2,1,2023-08-26,3641,1646
989,CJ 콘서트티켓,10,34000,1,2,2,2023-08-21,6368,2582
990,11번가 뮤지컬티켓,10,20000,3,2,1,2023-08-26,3898,5271
991,맥심 백화점교환권,10,35000,1,1,3,2023-08-25,5729,1901
992,CJ 잡지,10,29000,1,4,1,2023-08-24,1255,5025
993,GS25 백화점교환권,10,16000,2,4,3,2023-08-26,4803,3302
994,에스콰이어 도서,10,11000,2,2,2,2023-08-22,4356,1497
995,11번가 콘서트티켓,10,33000,2,4,1,2023-08-25,4555,2777
996,에스콰이어 뮤지컬티켓,10,24000,1,1,2,2023-08-25,1437,6627
997,맥심 공연티켓,10,16000,3,4,2,2023-08-23,1400,749
998,인터파크 연극티켓,10,0,1,3,3,2023-08-22,3546,3309
999,11번가 만화책,10,40000,2,1,2,2023-08-27,3782,5719
1000,GS25 잡지,10,32000,2,3,3,2023-08-22,1274,3477
1001,마세라티 오피스용품,11,1000,1,4,2,2023-08-23,401,3437
1002,포르쉐 출산용품,11,30000,1,3,2,2023-08-23,5652,1416
1003,포르쉐 자동차용품,11,30000,2,1,2,2023-08-26,5792,4627
1004,볼보 출산용품,11,25000,3,3,3,2023-08-26,489,1711
1005,볼보 문구,11,12000,1,4,1,2023-08-25,4441,5574
1006,폭스바겐 출산용품,11,31000,1,1,2,2023-08-27,381,3594
1007,포르쉐 문구,11,23000,3,3,3,2023-08-23,3895,4907
1008,BMW 완구,11,6000,2,4,2,2023-08-26,5732,3332
1009,테슬라 자동차용품,11,21000,3,4,1,2023-08-24,217,1765
1010,폭스바겐 오피스용품,11,40000,3,1,2,2023-08-22,6080,4708
1011,폭스바겐 자동차용품,11,19000,1,3,2,2023-08-21,1259,3099
1012,포르쉐 자동차용품,11,30000,3,2,2,2023-08-26,6538,5788
1013,포르쉐 자동차용품,11,29000,3,4,1,2023-08-21,5472,6106
1014,BMW 문구,11,37000,2,1,2,2023-08-21,6757,4589
1015,볼보 오피스용품,11,12000,1,3,3,2023-08-24,1051,3638
1016,볼보 오피스용품,11,2000,3,3,3,2023-08-26,733,4126
1017,볼보 오피스용품,11,37000,1,4,2,2023-08-24,2212,3021
1018,마세라티 출산용품,11,30000,1,1,1,2023-08-24,6215,5942
1019,포르쉐 자동차용품,11,31000,3,3,2,2023-08-21,5556,6383
1020,마세라티 문구,11,29000,3,1,3,2023-08-21,2968,6707
1021,폭스바겐 완구,11,32000,1,4,3,2023-08-22,2645,3171
1022,포르쉐 자동차용품,11,35000,2,1,2,2023-08-24,3044,2255
1023,폭스바겐 자동차용품,11,37000,3,4,1,2023-08-26,972,967
1024,마세라티 오피스용품,11,31000,3,2,1,2023-08-21,5046,1666
1025,볼보 완구,11,33000,1,4,2,2023-08-21,4748,3509
1026,테슬라 오피스용품,11,8000,2,1,2,2023-08-24,5193,5071
1027,폭스바겐 자동차용품,11,2000,3,4,1,2023-08-26,4264,2143
1028,테슬라 완구,11,2000,2,1,3,2023-08-22,5430,6182
1029,폭스바겐 자동차용품,11,21000,1,4,2,2023-08-21,3759,2686
1030,테슬라 문구,11,18000,3,4,3,2023-08-23,4700,3777
1031,폭스바겐 완구,11,10000,1,2,2,2023-08-23,3063,2632
1032,볼보 문구,11,24000,3,3,3,2023-08-26,3243,2650
1033,BMW 완구,11,39000,1,2,2,2023-08-27,5412,1644
1034,포르쉐 문구,11,34000,1,3,3,2023-08-22,6827,1368
1035,폭스바겐 완구,11,6000,1,4,1,2023-08-26,2840,6671
1036,폭스바겐 완구,11,35000,3,1,2,2023-08-23,3233,6357
1037,마세라티 완구,11,15000,1,1,3,2023-08-23,5047,47
1038,BMW 출산용품,11,38000,2,3,3,2023-08-22,5394,502
1039,마세라티 완구,11,35000,2,3,3,2023-08-27,166,342
1040,폭스바겐 자동차용품,11,26000,2,4,1,2023-08-22,6155,5095
1041,볼보 완구,11,11000,3,3,3,2023-08-27,6392,1495
1042,포르쉐 오피스용품,11,18000,3,4,3,2023-08-27,3656,102
1043,BMW 오피스용품,11,20000,2,3,2,2023-08-22,2614,1501
1044,폭스바겐 오피스용품,11,36000,1,2,3,2023-08-27,5129,2568
1045,볼보 완구,11,18000,2,3,3,2023-08-25,4478,1586
1046,볼보 자동차용품,11,4000,3,4,2,2023-08-27,4546,6739
1047,마세라티 출산용품,11,25000,1,1,2,2023-08-22,6314,6456
1048,마세라티 자동차용품,11,32000,3,3,3,2023-08-25,6199,417
1049,볼보 완구,11,8000,2,1,2,2023-08-22,5090,1642
1050,BMW 완구,11,0,3,2,2,2023-08-27,2224,6316
1051,마세라티 자동차용품,11,7000,1,3,1,2023-08-25,2941,3665
1052,볼보 오피스용품,11,10000,1,3,1,2023-08-21,6936,4400
1053,BMW 오피스용품,11,8000,3,3,2,2023-08-23,4592,4901
1054,포르쉐 완구,11,37000,2,4,2,2023-08-22,4821,5790
1055,포르쉐 문구,11,29000,2,4,2,2023-08-24,4835,2773
1056,포르쉐 완구,11,15000,2,3,3,2023-08-25,4352,5701
1057,폭스바겐 완구,11,15000,3,1,1,2023-08-21,2688,2285
1058,폭스바겐 문구,11,39000,3,2,2,2023-08-25,6324,6822
1059,포르쉐 출산용품,11,28000,3,3,1,2023-08-22,6571,59
1060,테슬라 문구,11,25000,2,3,2,2023-08-26,6017,4059
1061,포르쉐 문구,11,9000,1,1,3,2023-08-21,373,2847
1062,폭스바겐 오피스용품,11,35000,3,2,3,2023-08-25,2894,1506
1063,테슬라 출산용품,11,33000,2,3,1,2023-08-21,203,6137
1064,폭스바겐 문구,11,13000,3,1,3,2023-08-25,2620,4085
1065,BMW 자동차용품,11,15000,3,1,1,2023-08-25,5792,5424
1066,볼보 자동차용품,11,14000,3,3,3,2023-08-22,2480,5674
1067,테슬라 완구,11,25000,3,2,1,2023-08-25,5464,6264
1068,볼보 문구,11,27000,2,2,1,2023-08-27,4913,1655
1069,테슬라 완구,11,38000,2,1,1,2023-08-24,6053,3554
1070,마세라티 오피스용품,11,2000,2,2,1,2023-08-23,3496,4327
1071,폭스바겐 문구,11,40000,3,1,3,2023-08-23,5169,5719
1072,폭스바겐 완구,11,37000,3,3,2,2023-08-22,4234,2309
1073,볼보 자동차용품,11,9000,3,2,2,2023-08-22,5143,1542
1074,폭스바겐 오피스용품,11,27000,3,2,2,2023-08-21,511,1303
1075,BMW 완구,11,38000,1,2,1,2023-08-27,526,5302
1076,포르쉐 문구,11,6000,2,2,2,2023-08-24,6112,2731
1077,포르쉐 문구,11,30000,3,2,1,2023-08-22,3553,412
1078,마세라티 오피스용품,11,38000,3,3,3,2023-08-21,3537,6043
1079,마세라티 문구,11,19000,3,4,2,2023-08-25,6569,3360
1080,테슬라 자동차용품,11,38000,1,1,2,2023-08-27,4536,6154
1081,볼보 문구,11,15000,2,1,1,2023-08-23,2691,5190
1082,마세라티 완구,11,11000,1,4,3,2023-08-27,5993,1480
1083,폭스바겐 자동차용품,11,13000,3,2,1,2023-08-25,4697,4763
1084,볼보 문구,11,36000,2,4,2,2023-08-26,5888,819
1085,폭스바겐 자동차용품,11,0,2,1,1,2023-08-26,3150,2969
1086,테슬라 완구,11,19000,3,1,3,2023-08-26,2570,2214
1087,마세라티 오피스용품,11,38000,2,4,3,2023-08-22,5198,2747
1088,볼보 자동차용품,11,19000,2,2,3,2023-08-21,1772,218
1089,테슬라 출산용품,11,4000,2,3,3,2023-08-21,2773,1844
1090,BMW 문구,11,33000,1,3,2,2023-08-24,6488,1455
1091,폭스바겐 출산용품,11,11000,2,3,1,2023-08-21,1581,2321
1092,마세라티 출산용품,11,29000,1,3,2,2023-08-21,6381,4658
1093,폭스바겐 자동차용품,11,2000,1,4,1,2023-08-21,538,3379
1094,폭스바겐 문구,11,26000,1,2,1,2023-08-26,668,3335
1095,폭스바겐 완구,11,18000,2,4,3,2023-08-21,369,4690
1096,BMW 출산용품,11,29000,3,4,3,2023-08-27,6232,6441
1097,마세라티 자동차용품,11,40000,3,1,3,2023-08-26,4411,1844
1098,포르쉐 자동차용품,11,24000,2,2,3,2023-08-22,4054,2147
1099,마세라티 출산용품,11,19000,1,2,1,2023-08-24,860,4284
1100,테슬라 완구,11,0,3,1,1,2023-08-22,499,6136
